((("stack_entry" .
   [4 0 0 0 0 0 0 0 0 0 0])
  ("size_t" .
   [6 0 0 0 0 0])
  ("RepeatFinding" .
   [1 0 0 0 0 0 0 0 0 0 0 0 0])
  ("suffix_array" .
   [3 0 0 0 0 0 0 0 0 0 0 0])
  ("match_count" .
   [2 0 0 0 0 0 0 0 0 0 0])
  ("num_texts" .
   [6 0 0 0 1 0 0 0 0])
  ("resize" .
   [2 0 0 0 0 0])
  ("sub_results" .
   [2 0 0 0 0 0 0 0 0 0 0])
  ("CommonRepeatFinder" .
   [2 0 0 0 0 0 0 0 0 0 0 0 0 0 0 0 0 0])
  ("RepeatFinderResult" .
   [1 0 0 0 0 0 0 0 0 0 0 0 0 0 0 0 0 0])
  ("s_len" .
   [2 0 0 0 0])
  ("sa" .
   [26 0])
  ("push_back" .
   [1 0 0 0 0 0 0 0 0])
  ("Suffix" .
   [1 0 0 1 0 0])
  ("T" .
   [1])
  ("pair" .
   [3 0 0 0])
  ("endl" .
   [1 0 0 0])
  ("match_len" .
   [2 0 0 0 0 0 0 0 0])
  ("in_window" .
   [1 0 0 1 0 0 0 0 0])
  ("second" .
   [2 0 0 0 0 0])
  ("window" .
   [2 0 0 0 0 0])
  ("start" .
   [3 0 0 0 0])
  ("offset" .
   [3 0 0 0 0 0])
  ("boo" .
   [1 0 0])
  ("v" .
   [1])
  ("result" .
   [10 0 0 0 0 0])
  ("text_at" .
   [1 0 0 0 0 0 0])
  ("windows" .
   [16 0 0 0 0 0 0])
  ("int_pair" .
   [7 0 0 0 0 0 0 0])
  ("SuffixArray" .
   [5 0 0 0 0 0 0 1 0 0 0])
  ("string" .
   [3 0 0 0 0 0])
  ("RepeatFinder" .
   [3 0 0 0 0 0 0 0 0 0 0 0])
  ("length_before_docs" .
   [1 0 0 0 0 0 0 0 1 0 0 0 0 0 0 0 0 0])
  ("id_str" .
   [6 0 0 0 0 0])
  ("offset_global" .
   [6 0 0 0 0 0 0 0 0 0 0 0 0])
  ("all_offsets" .
   [3 0 0 0 0 0 0 0 0 0 0])
  ("end" .
   [5 0 0])
  ("begin" .
   [3 0 0 0 0])
  ("positions" .
   [5 0 0 0 0 0 0 0 0])
  ("sort" .
   [2 0 0 0])
  ("first_extension" .
   [3 0 0 0 0 0 0 0 0 0 0 0 0 0 0])
  ("delta" .
   [2 0 0 0 0])
  ("o" .
   [6])
  ("starts_size" .
   [1 0 0 0 0 0 0 0 0 0 0])
  ("starts" .
   [2 0 0 0 0 0])
  ("length" .
   [3 0 0 0 0 0])
  ("combined_texts" .
   [3 0 0 0 0 0 0 0 0 0 0 0 0 0])
  ("combined_texts_length" .
   [8 0 0 0 0 0 0 0 0 0 0 0 0 0 0 0 0 0 0 0 0])
  ("offsets" .
   [6 0 0 0 0 0 0])
  ("size" .
   [5 0 0 0])
  ("ix" .
   [6 0])
  ("data" .
   [2 0 0 0])
  ("cout" .
   [4 0 0 0])
  ("f" .
   [2])
  ("p" .
   [4])
  ("j" .
   [4])
  ("first" .
   [3 0 0 0 0])
  ("SA" .
   [2 0])
  ("middle" .
   [1 0 0 0 0 0])
  ("c0" .
   [1 0])
  ("pidx" .
   [2 0 0 0])
  ("m" .
   [3])
  ("n" .
   [1])
  ("BUCKET_B_SIZE" .
   [2 0 0 0 0 0 0 0 0 0 0 0 0])
  ("bucket_B" .
   [1 0 0 0 0 0 0 0])
  ("bucket_A" .
   [1 0 0 0 0 0 0 0])
  ("BUCKET_A_SIZE" .
   [2 0 0 0 0 0 0 0 0 0 0 0 0])
  ("in" .
   [12 0])
  ("k" .
   [15])
  ("e" .
   [10])
  ("STACK_PUSH5" .
   [1 0 0 0 0 0 0 0 0 0 0])
  ("i" .
   [38])
  ("SSize" .
   [2 0 0 0 0])
  ("ssize" .
   [3 0 0 0 0])
  ("stack" .
   [1 0 0 0 0])
  ("Stack" .
   [1 0 0 0 0])
  ("d" .
   [7])
  ("c" .
   [8])
  ("b" .
   [3])
  ("a" .
   [5])
  ("STACK_PUSH" .
   [3 0 0 0 0 0 0 0 0 0])
  ("D" .
   [2])
  ("C" .
   [2])
  ("B" .
   [2])
  ("A" .
   [2])
  ("include" .
   [2 0 0 0 0 0 0])
  ("std" .
   [1 0 0])
  ("s" .
   [20])
  ("t" .
   [6])
  ("texts" .
   [9 0 0 0 0])
  ("vector" .
   [13 0 0 0 0 1])
  ("grouping" .
   [1 0 0 0 0 0 0 0])))
